-3.120432980358600616e-02
5.488019064068794250e-02
5.731166526675224304e-02
-9.550998359918594360e-02
-7.878198474645614624e-02
-2.635961957275867462e-02
-4.115000739693641663e-02
-1.609297394752502441e-01
1.982128024101257324e-01
-1.409768015146255493e-01
2.374994754791259766e-01
-8.209321647882461548e-02
-1.850746273994445801e-01
-8.323277533054351807e-02
-6.517477333545684814e-02
2.444357573986053467e-01
-1.861115247011184692e-01
-1.668944954872131348e-01
-5.515028722584247589e-03
-2.107874304056167603e-02
8.842657320201396942e-03
-2.580293267965316772e-02
5.394345149397850037e-02
1.112938225269317627e-01
-1.111768335103988647e-01
-3.154096901416778564e-01
-1.016498357057571411e-01
-6.872491538524627686e-02
-6.269450485706329346e-02
-4.749223217368125916e-02
-2.199563011527061462e-02
1.003989279270172119e-01
-1.799641996622085571e-01
4.014978185296058655e-03
4.358188435435295105e-02
4.919285327196121216e-02
1.050866954028606415e-02
-9.412699937820434570e-02
2.054544538259506226e-01
9.524833410978317261e-03
-2.696372866630554199e-01
-1.870688796043395996e-02
2.959911152720451355e-02
2.153084427118301392e-01
1.483893692493438721e-01
1.783063821494579315e-02
6.105871871113777161e-03
-1.320191174745559692e-01
1.250256747007369995e-01
-1.124189049005508423e-01
4.021212458610534668e-02
1.261798888444900513e-01
4.320587962865829468e-02
3.609520383179187775e-03
-7.616548985242843628e-02
-1.232275962829589844e-01
-3.251069784164428711e-02
1.277902126312255859e-01
-1.144563034176826477e-01
-1.749746128916740417e-02
1.015504449605941772e-01
-1.338184773921966553e-01
-5.454998090863227844e-02
-1.594063043594360352e-01
2.152391225099563599e-01
1.399287879467010498e-01
-1.542950123548507690e-01
-2.222087979316711426e-01
1.439438611268997192e-01
-1.405806690454483032e-01
-9.370126575231552124e-02
2.699492685496807098e-02
-1.746421903371810913e-01
-1.539771258831024170e-01
-2.894955873489379883e-01
-1.568186283111572266e-02
3.182871639728546143e-01
6.887570768594741821e-02
-1.791949272155761719e-01
-1.257250551134347916e-02
-2.737035043537616730e-02
4.653274267911911011e-02
4.725851118564605713e-02
2.446336150169372559e-01
1.566032506525516510e-02
4.678136110305786133e-02
-3.034078702330589294e-02
-4.853445664048194885e-02
2.072890102863311768e-01
-6.863126903772354126e-02
-5.276745185256004333e-02
2.254360169172286987e-01
-8.884074538946151733e-02
7.484330981969833374e-02
-4.471867159008979797e-02
-6.525823380798101425e-03
-5.567659810185432434e-02
1.138150095939636230e-01
-1.121621653437614441e-01
4.447788372635841370e-02
-3.051535040140151978e-02
3.833668306469917297e-02
1.232743822038173676e-02
1.209615767002105713e-01
-1.430090814828872681e-01
1.197899207472801208e-01
-2.928974106907844543e-02
4.354991018772125244e-02
3.910917788743972778e-02
5.582935735583305359e-02
-9.266742318868637085e-02
-1.396436691284179688e-01
1.315628588199615479e-01
-1.990794390439987183e-01
1.732712537050247192e-01
1.632862836122512817e-01
1.157455742359161377e-01
1.077561080455780029e-01
1.151285246014595032e-01
1.539980024099349976e-01
1.478144433349370956e-02
-3.201453946530818939e-03
-2.314441055059432983e-01
1.401217654347419739e-02
1.261956989765167236e-01
-6.226592510938644409e-02
8.641926199197769165e-02
3.834788687527179718e-03
