-5.603768303990364075e-02
9.124027192592620850e-02
7.315876334905624390e-02
-5.482603237032890320e-02
-4.263204336166381836e-02
-7.329536229372024536e-02
-5.248773843050003052e-03
-1.524374783039093018e-01
1.641476154327392578e-01
-1.072875037789344788e-01
2.525655031204223633e-01
-1.044299155473709106e-01
-1.657562404870986938e-01
-1.256220042705535889e-01
-1.115605887025594711e-02
2.147223502397537231e-01
-1.363001316785812378e-01
-1.637776196002960205e-01
-1.360645890235900879e-02
-3.313669189810752869e-02
4.527102783322334290e-02
-8.171565830707550049e-03
5.440321937203407288e-02
1.190329939126968384e-01
-1.067890822887420654e-01
-3.099474608898162842e-01
-4.625516757369041443e-02
-9.564868360757827759e-02
-6.587030738592147827e-02
-2.835785970091819763e-02
-1.361425407230854034e-02
1.371029913425445557e-01
-1.769517958164215088e-01
-4.669969901442527771e-03
2.752532809972763062e-02
4.127562046051025391e-02
2.552474103868007660e-02
-5.295757204294204712e-02
2.024431675672531128e-01
1.358321774750947952e-02
-2.458069175481796265e-01
-7.729717344045639038e-02
1.845394447445869446e-02
2.572937011718750000e-01
1.592367589473724365e-01
-2.956383489072322845e-02
2.636146172881126404e-02
-8.428183943033218384e-02
6.192150339484214783e-02
-1.486044526100158691e-01
3.917705267667770386e-02
1.018967851996421814e-01
4.235268756747245789e-02
1.470672339200973511e-02
-6.383666396141052246e-02
-1.642571538686752319e-01
-4.586339369416236877e-02
6.173786148428916931e-02
-1.237509250640869141e-01
-1.721649803221225739e-02
7.824920862913131714e-02
-1.349974274635314941e-01
-9.617993235588073730e-02
-1.451438963413238525e-01
3.063268661499023438e-01
1.492161899805068970e-01
-1.639397591352462769e-01
-1.756396293640136719e-01
1.306173503398895264e-01
-1.295755356550216675e-01
-8.718101680278778076e-02
3.456189483404159546e-02
-1.729397177696228027e-01
-1.107435226440429688e-01
-3.032811284065246582e-01
-8.042246103286743164e-03
3.221592307090759277e-01
2.712414041161537170e-02
-2.510920464992523193e-01
-9.647395461797714233e-03
-1.045754328370094299e-01
7.537761330604553223e-02
6.040858104825019836e-02
2.135541588068008423e-01
2.160811610519886017e-02
7.936611771583557129e-02
-4.726770892739295959e-02
-7.807505875825881958e-02
1.740520000457763672e-01
-6.878090649843215942e-02
-8.913424611091613770e-02
2.266843318939208984e-01
-6.311260908842086792e-02
2.499007061123847961e-02
6.612586788833141327e-03
-3.448733314871788025e-02
-2.040142193436622620e-02
4.132647812366485596e-02
-1.273630708456039429e-01
4.274311009794473648e-03
-5.310049653053283691e-02
-2.457123994827270508e-02
-2.532980963587760925e-02
1.210276484489440918e-01
-1.965294033288955688e-01
1.253908872604370117e-01
1.369583979249000549e-02
4.861830174922943115e-02
4.573955759406089783e-02
5.709295719861984253e-02
-9.141433238983154297e-02
-1.575495153665542603e-01
1.150811165571212769e-01
-2.096181660890579224e-01
1.459650844335556030e-01
1.380269825458526611e-01
1.164377182722091675e-01
1.573652029037475586e-01
7.937374711036682129e-02
1.706516593694686890e-01
-1.252501271665096283e-02
1.954478770494461060e-02
-1.648120433092117310e-01
3.201193735003471375e-02
1.214193627238273621e-01
-2.098195627331733704e-02
5.320905148983001709e-02
2.514517866075038910e-02
