-5.275183916091918945e-02
6.444241106510162354e-02
5.657466873526573181e-02
-9.205654263496398926e-02
-7.262408733367919922e-02
-3.521590307354927063e-02
-4.417185857892036438e-02
-1.851258277893066406e-01
2.171240448951721191e-01
-1.584469527006149292e-01
2.737982571125030518e-01
-6.802420318126678467e-02
-1.914310753345489502e-01
-9.685509651899337769e-02
-4.491462558507919312e-02
2.240913063287734985e-01
-1.875659376382827759e-01
-1.433715075254440308e-01
-2.721713110804557800e-02
1.982447504997253418e-02
2.785806916654109955e-02
-5.502051487565040588e-02
5.707490816712379456e-02
6.285145878791809082e-02
-1.254384070634841919e-01
-3.500862419605255127e-01
-8.860835433006286621e-02
-9.041935950517654419e-02
-8.158628642559051514e-02
-4.981468245387077332e-02
-5.278566107153892517e-02
1.017755419015884399e-01
-1.824589073657989502e-01
-2.419904246926307678e-02
2.429301291704177856e-02
5.304502695798873901e-02
-2.106500230729579926e-02
-6.997025758028030396e-02
2.161600440740585327e-01
-1.864647865295410156e-02
-2.925947904586791992e-01
-2.961094304919242859e-02
3.348072990775108337e-02
1.937723010778427124e-01
1.200696825981140137e-01
1.597574912011623383e-02
1.649969257414340973e-02
-1.510718911886215210e-01
1.471519321203231812e-01
-1.479072868824005127e-01
5.529447644948959351e-02
1.101141050457954407e-01
7.945461571216583252e-02
1.461982727050781250e-02
-4.349670186638832092e-02
-1.336347311735153198e-01
-2.254633978009223938e-02
1.276217848062515259e-01
-1.289324909448623657e-01
-1.050066016614437103e-02
1.094032973051071167e-01
-1.238348782062530518e-01
-9.648785740137100220e-02
-1.373271644115447998e-01
2.343422919511795044e-01
1.707313954830169678e-01
-1.590586751699447632e-01
-1.726391017436981201e-01
1.230470091104507446e-01
-8.712004125118255615e-02
-7.535972446203231812e-02
3.275910764932632446e-02
-1.789459884166717529e-01
-2.147903293371200562e-01
-2.870383560657501221e-01
-2.825430035591125488e-02
3.178723156452178955e-01
7.024649530649185181e-02
-1.856939643621444702e-01
-2.387769147753715515e-02
-6.543598324060440063e-02
3.531499207019805908e-02
6.870274245738983154e-02
2.261605560779571533e-01
1.975401677191257477e-02
7.199530303478240967e-02
-1.727844402194023132e-02
-3.261773847043514252e-03
1.956592053174972534e-01
-1.035860404372215271e-01
-3.162108734250068665e-02
2.553964853286743164e-01
-7.167746126651763916e-02
1.036494299769401550e-01
-8.711732178926467896e-02
-1.161788683384656906e-02
-4.271186515688896179e-02
1.044592708349227905e-01
-1.232707351446151733e-01
3.520949184894561768e-02
3.765890374779701233e-02
6.444351375102996826e-02
1.498233340680599213e-02
1.079675480723381042e-01
-1.764848530292510986e-01
9.827277809381484985e-02
3.747870447114109993e-03
6.623484194278717041e-02
9.475500136613845825e-02
2.680203178897500038e-03
-6.332934647798538208e-02
-1.472361683845520020e-01
1.024647578597068787e-01
-2.216094881296157837e-01
1.796348690986633301e-01
1.669966727495193481e-01
9.367553144693374634e-02
1.153197214007377625e-01
1.100029796361923218e-01
8.230286836624145508e-02
4.733459278941154480e-02
-3.265035524964332581e-02
-2.759037911891937256e-01
4.394231364130973816e-02
1.630962789058685303e-01
-2.792680636048316956e-02
5.374539643526077271e-02
-1.005337759852409363e-02
