-7.347532361745834351e-02
7.724593579769134521e-02
3.911121562123298645e-02
-7.825940847396850586e-02
-3.597990050911903381e-02
-5.414520576596260071e-02
-3.290535137057304382e-02
-1.877593696117401123e-01
2.048736810684204102e-01
-1.349206715822219849e-01
2.849930822849273682e-01
-7.065513730049133301e-02
-1.684608012437820435e-01
-1.202582493424415588e-01
-1.832241751253604889e-02
2.063944041728973389e-01
-1.839609444141387939e-01
-1.266447305679321289e-01
-3.540050238370895386e-02
2.865845337510108948e-02
3.323189914226531982e-02
-4.959146305918693542e-02
5.976768955588340759e-02
7.812649756669998169e-02
-1.041724979877471924e-01
-3.517528176307678223e-01
-9.017404168844223022e-02
-1.099879145622253418e-01
-6.771805882453918457e-02
-5.991501361131668091e-02
-3.110619634389877319e-02
1.136354431509971619e-01
-1.803710460662841797e-01
-2.311548776924610138e-02
1.031733117997646332e-02
5.691677704453468323e-02
-5.105889402329921722e-03
-3.488691523671150208e-02
2.314115315675735474e-01
-1.235353667289018631e-02
-2.649807631969451904e-01
-2.078958600759506226e-02
2.347267419099807739e-02
2.017808407545089722e-01
1.413551867008209229e-01
1.239067874848842621e-02
1.952530443668365479e-02
-1.292352229356765747e-01
1.340703070163726807e-01
-1.433961689472198486e-01
5.050428956747055054e-02
9.228248149156570435e-02
9.080335497856140137e-02
2.537890803068876266e-03
-3.761960193514823914e-02
-1.601808220148086548e-01
-3.545993566513061523e-02
1.025573834776878357e-01
-1.589511334896087646e-01
1.612734282389283180e-03
9.952359646558761597e-02
-1.225015074014663696e-01
-1.043368279933929443e-01
-1.058161035180091858e-01
2.444178611040115356e-01
1.816543787717819214e-01
-1.501700133085250854e-01
-1.713022738695144653e-01
1.481403857469558716e-01
-9.566557407379150391e-02
-4.911822825670242310e-02
4.070340096950531006e-02
-1.778671443462371826e-01
-2.107686698436737061e-01
-2.792266905307769775e-01
-4.193417727947235107e-03
3.064334690570831299e-01
4.581816866993904114e-02
-1.924897432327270508e-01
-1.655283197760581970e-02
-6.158485263586044312e-02
1.904636062681674957e-02
6.183777749538421631e-02
1.989524215459823608e-01
7.372962310910224915e-03
5.229641124606132507e-02
-2.253227867186069489e-02
-8.425712585449218750e-03
1.806386858224868774e-01
-7.011219859123229980e-02
-3.212531656026840210e-02
2.454017251729965210e-01
-7.936777919530868530e-02
9.576605260372161865e-02
-6.698805838823318481e-02
-3.580389544367790222e-02
-2.279541641473770142e-02
9.380812197923660278e-02
-1.341935694217681885e-01
5.144194886088371277e-02
-4.663730040192604065e-03
3.202451765537261963e-02
2.001562854275107384e-03
1.003933697938919067e-01
-1.659836024045944214e-01
9.561324119567871094e-02
4.826725460588932037e-03
5.132094770669937134e-02
5.441313236951828003e-02
1.104530878365039825e-02
-8.143009245395660400e-02
-1.260138899087905884e-01
1.149665191769599915e-01
-2.194882184267044067e-01
1.968109458684921265e-01
1.524661779403686523e-01
9.660392999649047852e-02
1.210587471723556519e-01
9.680709242820739746e-02
9.665253758430480957e-02
4.948150366544723511e-02
-9.767125360667705536e-03
-2.794013321399688721e-01
5.889419838786125183e-02
1.596351563930511475e-01
-3.722817450761795044e-02
4.701345413923263550e-02
-1.961490139365196228e-03
