-1.137814521789550781e-01
5.236843228340148926e-02
1.878292486071586609e-02
-1.066511124372482300e-01
-1.291040629148483276e-01
-4.526099935173988342e-02
-6.822303682565689087e-02
-1.541664451360702515e-01
1.124328225851058960e-01
-2.021531313657760620e-01
1.948359012603759766e-01
-1.055282652378082275e-01
-1.963525414466857910e-01
-1.283873431384563446e-02
-8.852486312389373779e-02
2.028587907552719116e-01
-2.083257734775543213e-01
-1.083491966128349304e-01
-4.122579842805862427e-02
-2.957107499241828918e-02
3.047651238739490509e-02
1.528089866042137146e-03
2.440776117146015167e-02
5.745923519134521484e-02
-1.402999311685562134e-01
-3.455761075019836426e-01
-1.217284500598907471e-01
-8.048188686370849609e-02
-8.327563107013702393e-02
4.306019283831119537e-03
-5.175909027457237244e-02
5.730653926730155945e-02
-1.249740719795227051e-01
2.255303785204887390e-03
2.865206450223922729e-02
8.184099942445755005e-02
-1.764763891696929932e-02
-6.573886424303054810e-02
1.950977444648742676e-01
-2.480363473296165466e-02
-2.456312030553817749e-01
3.601619042456150055e-03
1.382376551628112793e-01
2.370013892650604248e-01
1.395850330591201782e-01
5.266097933053970337e-02
-7.000621408224105835e-04
-1.180888041853904724e-01
8.544063568115234375e-02
-2.005621045827865601e-01
-5.795199424028396606e-03
9.812609851360321045e-02
4.227085039019584656e-03
3.216372057795524597e-02
1.399047113955020905e-02
-9.663569927215576172e-02
6.629580259323120117e-02
1.327890157699584961e-01
-1.294948160648345947e-01
-2.943300642073154449e-02
9.358621388673782349e-02
-1.218922585248947144e-01
-3.228192031383514404e-02
-6.501904875040054321e-02
3.337591290473937988e-01
1.667688488960266113e-01
-1.517665982246398926e-01
-1.351053714752197266e-01
1.137749627232551575e-01
-1.643314510583877563e-01
-1.118664294481277466e-01
-1.586275547742843628e-02
-1.208961531519889832e-01
-1.780550628900527954e-01
-2.870141267776489258e-01
-1.621698029339313507e-02
3.768145442008972168e-01
1.577604264020919800e-01
-1.373113393783569336e-01
7.668518275022506714e-02
-3.970516100525856018e-02
-5.707788746803998947e-03
2.032030075788497925e-01
1.945627480745315552e-01
-2.459591627120971680e-02
1.838416233658790588e-02
-5.563248693943023682e-02
1.359623577445745468e-02
2.392144948244094849e-01
-7.966954261064529419e-02
-1.705985143780708313e-02
2.033479809761047363e-01
-3.601074218750000000e-03
7.831878960132598877e-02
4.569398239254951477e-03
-5.934940651059150696e-03
-1.150015592575073242e-01
4.358904436230659485e-02
-1.320793032646179199e-01
4.520063474774360657e-02
7.903085649013519287e-02
1.336456835269927979e-02
1.582851633429527283e-02
1.284073740243911743e-01
-1.654582321643829346e-01
9.283000230789184570e-02
-3.399015590548515320e-02
-3.504330292344093323e-02
4.325375333428382874e-02
-3.890406107529997826e-03
-6.926846504211425781e-02
-7.229231297969818115e-02
1.020783036947250366e-01
-2.266371250152587891e-01
1.611563414335250854e-01
1.671129763126373291e-01
4.008621722459793091e-02
1.526277959346771240e-01
1.694182604551315308e-01
4.709787294268608093e-02
1.468897145241498947e-02
1.061517931520938873e-02
-2.461051642894744873e-01
-1.592884585261344910e-02
1.484480351209640503e-01
-5.838097631931304932e-02
1.375971287488937378e-01
-3.837600350379943848e-03
