-1.244634166359901428e-01
4.989159107208251953e-02
2.826611883938312531e-02
-8.705648034811019897e-02
-1.502242237329483032e-01
-6.016709655523300171e-02
-9.076040983200073242e-02
-1.413562744855880737e-01
1.252961009740829468e-01
-2.012275457382202148e-01
1.771111488342285156e-01
-8.088585734367370605e-02
-1.672270894050598145e-01
1.962003996595740318e-03
-9.818870574235916138e-02
2.062741518020629883e-01
-2.154855430126190186e-01
-1.144302561879158020e-01
-2.782420814037322998e-02
-2.517125755548477173e-02
2.775929495692253113e-02
2.383829466998577118e-02
1.499588787555694580e-02
5.454672127962112427e-02
-1.294242441654205322e-01
-3.585172891616821289e-01
-1.039501577615737915e-01
-7.491499185562133789e-02
-5.961125344038009644e-02
2.152580069378018379e-03
-4.344771057367324829e-02
6.285838782787322998e-02
-1.309174001216888428e-01
4.267245531082153320e-03
2.347737178206443787e-02
8.931125700473785400e-02
-2.378893643617630005e-02
-6.063316389918327332e-02
2.013696879148483276e-01
-3.409953415393829346e-02
-2.647665739059448242e-01
-6.845283322036266327e-03
1.312003731727600098e-01
2.424379885196685791e-01
1.314550340175628662e-01
5.648328363895416260e-02
2.182181924581527710e-03
-1.007796302437782288e-01
8.331269025802612305e-02
-2.121093273162841797e-01
-1.101778820157051086e-03
1.001194268465042114e-01
-2.925330307334661484e-03
3.492716699838638306e-02
8.842235431075096130e-03
-1.184779554605484009e-01
5.164636671543121338e-02
1.328414529561996460e-01
-1.309460550546646118e-01
-1.080413069576025009e-02
8.729805797338485718e-02
-1.292711794376373291e-01
-1.502587832510471344e-02
-6.442049890756607056e-02
3.351232111454010010e-01
1.571647971868515015e-01
-1.447234004735946655e-01
-1.096786633133888245e-01
1.114046573638916016e-01
-1.674191355705261230e-01
-9.750921279191970825e-02
-1.624504663050174713e-02
-1.035104170441627502e-01
-1.920302808284759521e-01
-2.884744107723236084e-01
-2.412926033139228821e-02
3.972283005714416504e-01
1.695452034473419189e-01
-1.254642456769943237e-01
7.485564798116683960e-02
-2.317614108324050903e-02
-1.333663612604141235e-02
1.994435340166091919e-01
1.995266526937484741e-01
-2.303853631019592285e-02
2.404579147696495056e-02
-5.627929419279098511e-02
2.630059234797954559e-02
2.353236526250839233e-01
-6.161813065409660339e-02
-1.817136444151401520e-02
1.973697543144226074e-01
3.699939697980880737e-04
8.220402896404266357e-02
-1.014322508126497269e-02
6.719997152686119080e-03
-1.088850200176239014e-01
3.884724900126457214e-02
-1.217909157276153564e-01
4.490212723612785339e-02
7.628446817398071289e-02
2.049621194601058960e-02
2.532638236880302429e-02
1.273338496685028076e-01
-1.469974815845489502e-01
1.045646071434020996e-01
-2.256892807781696320e-02
-2.030467242002487183e-02
4.171871766448020935e-02
2.580478787422180176e-02
-6.078485026955604553e-02
-8.034144341945648193e-02
1.026741266250610352e-01
-2.031269222497940063e-01
1.804207712411880493e-01
1.631168574094772339e-01
3.070554137229919434e-02
1.900496333837509155e-01
1.558798849582672119e-01
5.494158342480659485e-02
7.084160111844539642e-03
-7.935400120913982391e-03
-2.329394519329071045e-01
-2.050030417740345001e-02
1.318209320306777954e-01
-5.603022128343582153e-02
1.579050272703170776e-01
2.054290845990180969e-02
