-1.263634860515594482e-01
3.999348729848861694e-02
4.006738960742950439e-02
-9.762202948331832886e-02
-1.267520338296890259e-01
-5.994429439306259155e-02
-8.605799078941345215e-02
-1.528225541114807129e-01
1.101767271757125854e-01
-1.996982395648956299e-01
1.763674914836883545e-01
-8.479093760251998901e-02
-1.742855012416839600e-01
-1.002186071127653122e-02
-8.991274982690811157e-02
1.907072365283966064e-01
-1.919342726469039917e-01
-1.128325313329696655e-01
-2.754865027964115143e-02
-2.787042036652565002e-02
2.404234744608402252e-02
2.187452092766761780e-02
8.996926248073577881e-03
5.579343438148498535e-02
-1.419353187084197998e-01
-3.559691905975341797e-01
-1.212273016571998596e-01
-7.661955058574676514e-02
-6.845577061176300049e-02
1.904427260160446167e-02
-5.140990018844604492e-02
6.046004965901374817e-02
-1.320824325084686279e-01
8.983418345451354980e-03
2.655351161956787109e-02
9.401620924472808838e-02
-1.748349890112876892e-02
-5.806151404976844788e-02
1.877920031547546387e-01
-3.224563598632812500e-02
-2.625562250614166260e-01
-6.296682637184858322e-03
1.390353739261627197e-01
2.427816092967987061e-01
1.494770497083663940e-01
4.470479115843772888e-02
-6.564762443304061890e-04
-9.228765219449996948e-02
8.413523435592651367e-02
-1.983154863119125366e-01
2.304635941982269287e-03
1.014374792575836182e-01
1.451545394957065582e-04
4.021593183279037476e-02
2.002837136387825012e-02
-1.091896593570709229e-01
6.092168763279914856e-02
1.382923573255538940e-01
-1.296929121017456055e-01
-1.381483208388090134e-02
7.773424685001373291e-02
-1.250941455364227295e-01
-1.564943790435791016e-02
-4.357256367802619934e-02
3.248185813426971436e-01
1.584740877151489258e-01
-1.507442444562911987e-01
-1.266569197177886963e-01
1.154785901308059692e-01
-1.759715229272842407e-01
-9.119769930839538574e-02
-7.145918440073728561e-03
-1.249142512679100037e-01
-1.803616285324096680e-01
-2.960165143013000488e-01
-1.502401754260063171e-02
3.918609619140625000e-01
1.661834269762039185e-01
-1.383912563323974609e-01
7.847613096237182617e-02
-3.541458025574684143e-02
-4.504479467868804932e-03
2.188211381435394287e-01
1.908384859561920166e-01
-1.198740862309932709e-02
1.483124122023582458e-02
-6.152612343430519104e-02
1.554352510720491409e-02
2.404828518629074097e-01
-5.351262539625167847e-02
-2.452564798295497894e-02
1.968742907047271729e-01
-4.423396661877632141e-03
7.539672404527664185e-02
-2.707943785935640335e-03
1.482900232076644897e-02
-1.169457286596298218e-01
3.099919669330120087e-02
-1.281453520059585571e-01
3.597993403673171997e-02
7.866542041301727295e-02
2.813459374010562897e-02
2.168301492929458618e-02
1.477129310369491577e-01
-1.558421850204467773e-01
1.095335558056831360e-01
-1.566895470023155212e-02
-1.375827472656965256e-02
4.798823595046997070e-02
1.995608769357204437e-02
-6.147904694080352783e-02
-8.108785003423690796e-02
9.514682739973068237e-02
-2.078919708728790283e-01
1.704235672950744629e-01
1.573691517114639282e-01
2.820416539907455444e-02
1.656045019626617432e-01
1.571043729782104492e-01
3.957311809062957764e-02
7.218733429908752441e-03
-4.999827593564987183e-03
-2.326936274766921997e-01
-1.837232150137424469e-02
1.284021586179733276e-01
-5.846209079027175903e-02
1.499869078397750854e-01
8.600701577961444855e-03
