-1.625205762684345245e-02
6.568400561809539795e-02
-1.450908742845058441e-02
-3.046393394470214844e-02
-1.594982147216796875e-01
1.034266129136085510e-02
-3.726869821548461914e-02
-7.265409827232360840e-02
1.246757581830024719e-01
-1.052180603146553040e-01
2.238747477531433105e-01
-5.385630950331687927e-02
-2.068327218294143677e-01
-4.805932193994522095e-02
1.759736612439155579e-02
1.810442954301834106e-01
-1.881640702486038208e-01
-1.622934490442276001e-01
-4.720722883939743042e-02
8.405636996030807495e-03
2.387967705726623535e-02
-1.602024771273136139e-02
5.966633558273315430e-02
7.370623201131820679e-02
-1.483431160449981689e-01
-3.804195523262023926e-01
-9.181944280862808228e-02
-1.187913417816162109e-01
-2.500501275062561035e-02
-8.180980384349822998e-02
-1.275659166276454926e-02
2.756096050143241882e-02
-1.380328834056854248e-01
-1.016637310385704041e-03
5.571451038122177124e-02
7.774722576141357422e-02
-6.050756946206092834e-02
-1.271109879016876221e-01
2.278498560190200806e-01
-3.997889533638954163e-02
-2.888964712619781494e-01
1.480289362370967865e-02
5.271825566887855530e-02
2.181308865547180176e-01
1.427344381809234619e-01
2.530515426769852638e-03
2.994892373681068420e-02
-1.229784414172172546e-01
1.161658838391304016e-01
-1.424551308155059814e-01
3.976111114025115967e-02
1.404348611831665039e-01
-6.490703206509351730e-03
6.855671852827072144e-02
-3.240825608372688293e-02
-9.168045222759246826e-02
3.290199488401412964e-02
1.299110352993011475e-01
-1.511967629194259644e-01
-5.366387218236923218e-02
7.909027487039566040e-02
-5.081050097942352295e-02
-2.294614911079406738e-03
-1.213487237691879272e-01
2.016039937734603882e-01
8.506402373313903809e-02
-1.201790422201156616e-01
-2.108860909938812256e-01
7.204332947731018066e-02
-2.085575610399246216e-01
-1.012960150837898254e-01
9.095923602581024170e-02
-1.607339680194854736e-01
-2.010268867015838623e-01
-2.990271151065826416e-01
-2.464159205555915833e-02
3.555597662925720215e-01
1.069781631231307983e-01
-1.271490603685379028e-01
-2.183964848518371582e-02
-1.001247670501470566e-02
-2.076892554759979248e-02
1.008420661091804504e-01
1.822201013565063477e-01
1.464139111340045929e-02
1.910966634750366211e-02
-1.015304550528526306e-01
3.700928017497062683e-02
2.543521821498870850e-01
-9.227469563484191895e-02
-2.587915398180484772e-02
2.135988324880599976e-01
-2.714494243264198303e-03
8.529011905193328857e-02
1.820956543087959290e-02
7.759559899568557739e-02
-5.756110325455665588e-02
7.235792279243469238e-02
-1.116815283894538879e-01
6.208420917391777039e-02
1.962275803089141846e-02
-1.546319853514432907e-02
-1.342176832258701324e-02
1.087113618850708008e-01
-1.356273740530014038e-01
1.042233109474182129e-01
-1.626704074442386627e-02
2.421356365084648132e-02
2.364753186702728271e-02
2.022670395672321320e-02
-1.199607923626899719e-01
-1.221708878874778748e-01
1.501373201608657837e-01
-2.338186800479888916e-01
1.497363597154617310e-01
1.959257870912551880e-01
7.960344851016998291e-02
8.856031298637390137e-02
1.027494072914123535e-01
7.856794446706771851e-02
-5.420713499188423157e-02
-5.848987773060798645e-02
-2.890383601188659668e-01
2.285811305046081543e-02
6.962016224861145020e-02
1.474269665777683258e-04
4.102788120508193970e-02
-9.775563143193721771e-03
