-3.077497333288192749e-02
1.400673091411590576e-01
8.938103169202804565e-02
7.189487107098102570e-03
-9.979233890771865845e-02
-3.031401149928569794e-02
-8.245225995779037476e-02
-2.873500064015388489e-02
1.391928791999816895e-01
-5.001083388924598694e-02
2.366104573011398315e-01
-1.018857769668102264e-02
-2.489068508148193359e-01
-2.827368117868900299e-02
1.174516510218381882e-02
1.165904179215431213e-01
-1.768490523099899292e-01
-8.426787704229354858e-02
-1.119337975978851318e-01
-9.746192395687103271e-02
2.870924212038516998e-02
3.501055017113685608e-02
-5.240099970251321793e-03
-1.764514017850160599e-03
-1.376650035381317139e-01
-3.015137612819671631e-01
-8.465308696031570435e-02
-1.294991225004196167e-01
9.318339079618453979e-02
-1.875039488077163696e-01
2.117875032126903534e-03
3.748739138245582581e-02
-1.238861680030822754e-01
-5.296280607581138611e-03
-2.960588783025741577e-02
2.128220722079277039e-02
5.644694902002811432e-03
-1.095295846462249756e-01
1.645133793354034424e-01
-5.303369835019111633e-02
-1.914329826831817627e-01
-1.263917423784732819e-02
3.685615025460720062e-03
2.575636506080627441e-01
2.095744609832763672e-01
7.885867729783058167e-03
2.777265198528766632e-02
-6.238018721342086792e-02
1.019235625863075256e-01
-2.769225537776947021e-01
1.571834087371826172e-02
1.695452630519866943e-01
1.296249963343143463e-02
1.083412170410156250e-01
6.945666670799255371e-02
-1.800013929605484009e-01
1.950525678694248199e-02
1.139098703861236572e-01
-1.735709160566329956e-01
2.774388343095779419e-02
7.354876399040222168e-02
-7.653927803039550781e-02
-3.376784175634384155e-02
-1.108528450131416321e-01
1.978566050529479980e-01
6.363048404455184937e-02
-9.921703487634658813e-02
-1.442151367664337158e-01
1.204013898968696594e-01
-1.799692958593368530e-01
-3.646956756711006165e-02
1.147577762603759766e-01
-1.273768693208694458e-01
-1.862837076187133789e-01
-2.808096408843994141e-01
9.594324231147766113e-02
4.130829870700836182e-01
1.971464157104492188e-01
-1.290563195943832397e-01
5.845500528812408447e-02
-7.996653765439987183e-02
-4.315800219774246216e-02
1.246105507016181946e-02
3.130962699651718140e-02
-9.308813512325286865e-02
-1.012382097542285919e-03
-1.102912500500679016e-01
1.009116619825363159e-01
1.999873816967010498e-01
-5.826647952198982239e-02
5.596850812435150146e-02
2.142028510570526123e-01
-2.858804166316986084e-02
2.181686833500862122e-02
-1.961360126733779907e-02
3.974686935544013977e-02
-9.091068059206008911e-02
2.027449011802673340e-02
-5.892789363861083984e-02
2.988769486546516418e-02
1.250398159027099609e-01
-1.390094459056854248e-01
2.177726663649082184e-02
1.159416213631629944e-01
-1.756261885166168213e-01
1.455440074205398560e-01
-1.273265294730663300e-02
-1.403536740690469742e-02
2.920169383287429810e-02
1.753777824342250824e-02
-6.682593375444412231e-02
-2.134643681347370148e-02
2.486461251974105835e-01
-2.594238221645355225e-01
2.027319222688674927e-01
2.094605267047882080e-01
5.696992948651313782e-02
1.245274543762207031e-01
3.539903089404106140e-02
1.445795148611068726e-01
-7.634618133306503296e-02
-5.827303603291511536e-02
-1.834971904754638672e-01
-4.204118251800537109e-02
2.553783357143402100e-02
-3.495116159319877625e-02
-2.735142968595027924e-02
2.789677307009696960e-02
