-1.119194328784942627e-01
9.651513397693634033e-02
9.547582268714904785e-02
-9.258913248777389526e-02
-1.195159927010536194e-01
-2.775158174335956573e-02
-3.158064931631088257e-02
-6.834252923727035522e-02
2.100168317556381226e-01
-1.562066376209259033e-01
2.460217624902725220e-01
-9.978204965591430664e-02
-1.890623271465301514e-01
-1.579693704843521118e-02
-4.114238545298576355e-02
2.251157462596893311e-01
-2.183458209037780762e-01
-1.233995407819747925e-01
-2.088284306228160858e-02
-2.732240781188011169e-02
6.669889390468597412e-02
-4.235019162297248840e-02
-1.504445821046829224e-02
1.107410416007041931e-01
-1.554185152053833008e-01
-4.059058725833892822e-01
-7.884106785058975220e-02
-9.745820611715316772e-02
6.443588063120841980e-03
-7.004494220018386841e-02
-2.329311519861221313e-02
4.790201783180236816e-02
-1.931770741939544678e-01
-1.161158643662929535e-02
-4.830165579915046692e-02
3.187178820371627808e-02
-1.098185591399669647e-02
-1.182684227824211121e-01
1.466065049171447754e-01
-5.513610690832138062e-02
-3.055059015750885010e-01
-9.837923198938369751e-02
8.366714417934417725e-02
1.985433399677276611e-01
1.482823193073272705e-01
1.142936386168003082e-02
2.708780951797962189e-02
-1.030413582921028137e-01
9.580587595701217651e-02
-1.827070862054824829e-01
1.551596261560916901e-02
1.225626841187477112e-01
3.740302845835685730e-02
4.177362099289894104e-02
2.557050436735153198e-02
-1.534614861011505127e-01
2.841251343488693237e-02
6.554674357175827026e-02
-1.623351722955703735e-01
-4.582648724317550659e-02
7.343303412199020386e-02
-2.870119735598564148e-02
-4.195412993431091309e-02
-1.445642560720443726e-01
2.373425066471099854e-01
1.306279897689819336e-01
-1.088051795959472656e-01
-1.669479906558990479e-01
1.733565181493759155e-01
-1.878619343042373657e-01
-2.593515999615192413e-02
4.111370816826820374e-02
-1.267621368169784546e-01
-1.993231624364852905e-01
-3.193379938602447510e-01
-6.865210831165313721e-02
3.541613519191741943e-01
1.617546975612640381e-01
-1.455340385437011719e-01
6.071824207901954651e-02
-7.870630919933319092e-02
-8.020207285881042480e-03
9.285953640937805176e-02
1.930612027645111084e-01
-1.146220881491899490e-02
9.165936708450317383e-02
-4.487115517258644104e-02
3.326736390590667725e-02
1.575150042772293091e-01
-4.613335803151130676e-02
1.890689134597778320e-02
2.230472713708877563e-01
-2.590223401784896851e-02
6.676943972706794739e-03
-1.491375267505645752e-02
1.723172701895236969e-02
-1.310777515172958374e-01
6.630399823188781738e-02
-9.272795170545578003e-02
2.462517842650413513e-02
2.503560669720172882e-02
1.570962741971015930e-02
-4.434843547642230988e-03
1.194401681423187256e-01
-2.137549519538879395e-01
1.546623855829238892e-01
1.150304358452558517e-02
4.228200763463973999e-02
4.951259866356849670e-02
6.117059662938117981e-02
-7.425125688314437866e-02
-1.236447393894195557e-01
1.385219991207122803e-01
-2.036856710910797119e-01
9.119889140129089355e-02
1.611449271440505981e-01
8.664019405841827393e-03
1.545223891735076904e-01
9.033175557851791382e-02
1.310918331146240234e-01
-3.244713693857192993e-02
-4.802250117063522339e-02
-2.547225058078765869e-01
3.869654983282089233e-02
7.393126934766769409e-02
-1.307337284088134766e-01
4.870512709021568298e-02
1.549497805535793304e-02
