-9.100973606109619141e-02
4.204422235488891602e-02
4.635230451822280884e-02
-7.525819540023803711e-02
-1.116116568446159363e-01
-7.933166623115539551e-02
-8.044158667325973511e-02
-1.126072704792022705e-01
1.269133239984512329e-01
-1.463418155908584595e-01
1.976536065340042114e-01
-1.373815536499023438e-01
-1.738797277212142944e-01
-2.598330006003379822e-02
-7.054178416728973389e-02
2.304274141788482666e-01
-2.018586397171020508e-01
-1.614806503057479858e-01
-3.176978603005409241e-02
1.382998935878276825e-02
7.592939585447311401e-02
4.981594393029808998e-04
-1.960641518235206604e-02
6.901705265045166016e-02
-7.369022816419601440e-02
-3.377043902873992920e-01
-1.155273318290710449e-01
-2.596934139728546143e-02
-1.733012497425079346e-02
-4.772630333900451660e-02
-2.880008891224861145e-02
8.735365420579910278e-02
-1.834011822938919067e-01
-1.247127540409564972e-02
5.066071823239326477e-02
8.661334961652755737e-02
3.169132024049758911e-02
-1.012373566627502441e-01
1.355302482843399048e-01
-4.196610674262046814e-02
-2.925380766391754150e-01
5.615533888339996338e-02
1.056006178259849548e-01
2.194500416517257690e-01
1.843480914831161499e-01
-5.537345260381698608e-02
1.167869847267866135e-02
-1.471503823995590210e-01
1.098861768841743469e-01
-1.304187923669815063e-01
-5.014413595199584961e-02
1.452609151601791382e-01
6.407777220010757446e-02
5.821521580219268799e-02
-1.401234418153762817e-02
-9.973742067813873291e-02
7.446655631065368652e-02
1.094932779669761658e-01
-9.559049457311630249e-02
1.375643908977508545e-02
1.482820212841033936e-01
-1.209324374794960022e-01
-6.765409838408231735e-03
-8.303231745958328247e-02
1.914105266332626343e-01
2.195108309388160706e-02
-1.484741121530532837e-01
-2.364632636308670044e-01
8.513402938842773438e-02
-1.364671140909194946e-01
-7.370231300592422485e-02
3.742406889796257019e-02
-1.683003008365631104e-01
-1.766263991594314575e-01
-3.279984295368194580e-01
-1.044795662164688110e-02
3.565065264701843262e-01
4.545587301254272461e-02
-1.866047829389572144e-01
1.595406234264373779e-01
-5.048947408795356750e-03
2.618109434843063354e-02
9.271368384361267090e-02
2.409782856702804565e-01
3.806203603744506836e-03
6.578209996223449707e-02
-9.686698019504547119e-02
3.632666543126106262e-02
2.251115739345550537e-01
-6.491467356681823730e-02
7.738933898508548737e-03
2.026963829994201660e-01
-4.620866477489471436e-02
6.330929696559906006e-02
3.343712538480758667e-02
7.031682878732681274e-02
-5.470665916800498962e-02
3.706142306327819824e-02
-1.027066931128501892e-01
6.904350966215133667e-02
1.910148561000823975e-02
-6.646227836608886719e-02
-4.164822772145271301e-02
9.072788059711456299e-02
-1.256070584058761597e-01
1.221021190285682678e-01
-2.884788438677787781e-02
7.359729707241058350e-02
-9.437145665287971497e-03
1.523718703538179398e-02
-5.385839939117431641e-02
-3.973618894815444946e-02
9.481874853372573853e-02
-2.240060716867446899e-01
1.787670552730560303e-01
1.634176969528198242e-01
8.606914430856704712e-02
1.015166863799095154e-01
1.312198042869567871e-01
1.072143167257308960e-01
-3.720423206686973572e-03
1.853078231215476990e-02
-1.875602453947067261e-01
-3.860021708533167839e-03
5.621740967035293579e-02
-3.927893936634063721e-02
6.056816875934600830e-02
1.936480030417442322e-02

