-8.648261427879333496e-02
4.254112392663955688e-02
4.465274885296821594e-02
-7.515345513820648193e-02
-1.074701175093650818e-01
-8.361094444990158081e-02
-8.243758976459503174e-02
-1.103752031922340393e-01
1.347383707761764526e-01
-1.406734138727188110e-01
1.974021792411804199e-01
-1.374480724334716797e-01
-1.692043542861938477e-01
-2.897252514958381653e-02
-7.050531357526779175e-02
2.329385131597518921e-01
-2.072853744029998779e-01
-1.596783846616744995e-01
-3.029802814126014709e-02
1.736861467361450195e-02
7.661759853363037109e-02
-4.116987111046910286e-04
-1.447698101401329041e-02
7.216824591159820557e-02
-7.287562638521194458e-02
-3.419224321842193604e-01
-1.131845787167549133e-01
-3.006647154688835144e-02
-2.050087787210941315e-02
-4.591830074787139893e-02
-3.154782950878143311e-02
9.245638549327850342e-02
-1.803916245698928833e-01
-1.512638665735721588e-02
5.473070591688156128e-02
8.662077784538269043e-02
2.850853651762008667e-02
-1.062504574656486511e-01
1.363935768604278564e-01
-4.456645995378494263e-02
-2.974297404289245605e-01
5.518592521548271179e-02
1.076858341693878174e-01
2.184538990259170532e-01
1.839485168457031250e-01
-5.332796275615692139e-02
1.590535417199134827e-02
-1.441506147384643555e-01
1.112314090132713318e-01
-1.334622800350189209e-01
-5.377581343054771423e-02
1.466776728630065918e-01
6.534828245639801025e-02
5.551478266716003418e-02
-1.255882624536752701e-02
-1.059469357132911682e-01
7.448978722095489502e-02
1.024071648716926575e-01
-9.560585021972656250e-02
7.510925177484750748e-03
1.487984359264373779e-01
-1.192416921257972717e-01
-5.344543606042861938e-03
-8.599318563938140869e-02
1.902766674757003784e-01
2.639816328883171082e-02
-1.502365767955780029e-01
-2.342503666877746582e-01
8.065360784530639648e-02
-1.387031227350234985e-01
-7.123102992773056030e-02
3.747333586215972900e-02
-1.686500757932662964e-01
-1.830956935882568359e-01
-3.258859515190124512e-01
-1.946040987968444824e-02
3.555726110935211182e-01
4.810646548867225647e-02
-1.841783672571182251e-01
1.598190218210220337e-01
-4.761791322380304337e-03
2.717597968876361847e-02
8.598980307579040527e-02
2.464378476142883301e-01
2.688642591238021851e-03
7.581123709678649902e-02
-9.852819889783859253e-02
3.364629298448562622e-02
2.236313521862030029e-01
-6.729950010776519775e-02
8.504629135131835938e-03
2.014415562152862549e-01
-4.601801186800003052e-02
6.573833525180816650e-02
2.804058976471424103e-02
6.479977071285247803e-02
-5.335451662540435791e-02
4.135941341519355774e-02
-1.030221581459045410e-01
7.442119717597961426e-02
1.346996333450078964e-02
-6.176059693098068237e-02
-4.293969646096229553e-02
8.613450825214385986e-02
-1.276890188455581665e-01
1.227445676922798157e-01
-2.767004072666168213e-02
7.272350043058395386e-02
-1.434913277626037598e-02
1.523917354643344879e-02
-4.982272908091545105e-02
-3.752647712826728821e-02
9.290920197963714600e-02
-2.231112420558929443e-01
1.749637126922607422e-01
1.647335886955261230e-01
9.128345549106597900e-02
1.079797372221946716e-01
1.282087117433547974e-01
1.057423427700996399e-01
-3.417910076677799225e-03
1.640475913882255554e-02
-1.900915056467056274e-01
-3.978665918111801147e-03
5.234816670417785645e-02
-4.004761949181556702e-02
6.088583543896675110e-02
1.935163512825965881e-02
