-2.461424283683300018e-02
9.085141122341156006e-02
7.556898146867752075e-02
-1.860281452536582947e-02
-8.344189077615737915e-02
-6.678351014852523804e-02
-5.382141470909118652e-02
-2.862012386322021484e-02
1.474775969982147217e-01
-4.657053202390670776e-02
2.396211773157119751e-01
7.449961267411708832e-03
-2.505306303501129150e-01
-5.716192722320556641e-02
1.042700931429862976e-02
9.812343120574951172e-02
-1.458149850368499756e-01
-6.507703661918640137e-02
-1.207379996776580811e-01
-1.446771025657653809e-01
2.965584956109523773e-02
4.101119469851255417e-03
2.024075016379356384e-02
-1.098132506012916565e-02
-1.314429044723510742e-01
-2.670011222362518311e-01
-9.292412549257278442e-02
-1.261923462152481079e-01
1.132261827588081360e-01
-1.967059820890426636e-01
1.897250115871429443e-02
4.815680533647537231e-02
-1.531892418861389160e-01
-4.928085952997207642e-02
-2.677205204963684082e-02
3.377774357795715332e-02
-2.305866405367851257e-02
-1.121255308389663696e-01
1.486836969852447510e-01
-3.294277191162109375e-02
-1.367980837821960449e-01
-1.734655350446701050e-02
-9.337715804576873779e-03
2.491290867328643799e-01
1.930854916572570801e-01
2.214021608233451843e-02
2.227201685309410095e-02
-7.207891345024108887e-02
9.050221741199493408e-02
-2.882696092128753662e-01
1.940323412418365479e-02
1.646247208118438721e-01
-1.536400988698005676e-03
1.326300352811813354e-01
9.958139806985855103e-02
-1.662167310714721680e-01
5.729884654283523560e-02
1.102817207574844360e-01
-1.837185472249984741e-01
4.423993080854415894e-02
6.428608298301696777e-02
-6.800346076488494873e-02
-4.799231886863708496e-02
-1.212128549814224243e-01
2.000281363725662231e-01
7.893087714910507202e-02
-8.787487447261810303e-02
-1.171702519059181213e-01
1.480557024478912354e-01
-1.655958145856857300e-01
-2.461710944771766663e-02
1.046533882617950439e-01
-1.116908863186836243e-01
-1.832598745822906494e-01
-2.286474704742431641e-01
1.140165627002716064e-01
3.741272687911987305e-01
2.311121523380279541e-01
-1.230737343430519104e-01
5.846031010150909424e-02
-1.043727546930313110e-01
-2.704635635018348694e-02
2.458950504660606384e-02
1.107480376958847046e-03
-6.952930986881256104e-02
-1.350763253867626190e-03
-7.787015289068222046e-02
8.637262135744094849e-02
1.601343154907226562e-01
-6.981026381254196167e-02
5.413710325956344604e-02
2.209390848875045776e-01
-2.859657257795333862e-02
3.205119445919990540e-02
-4.861930385231971741e-03
6.767177488654851913e-03
-1.069159060716629028e-01
3.803154081106185913e-02
-7.518448680639266968e-02
2.442375198006629944e-02
1.292199194431304932e-01
-1.609914451837539673e-01
4.385487362742424011e-02
7.788094878196716309e-02
-1.416978836059570312e-01
1.348990648984909058e-01
-2.715886803343892097e-03
-2.590230479836463928e-02
2.639778330922126770e-02
1.572513580322265625e-02
-6.494688987731933594e-02
-2.772613614797592163e-02
2.152136862277984619e-01
-2.785025238990783691e-01
2.760066986083984375e-01
2.317428141832351685e-01
4.879219457507133484e-02
1.272010505199432373e-01
3.137856721878051758e-02
1.533801555633544922e-01
-5.268403142690658569e-02
-6.493117660284042358e-02
-1.304303705692291260e-01
-4.349658638238906860e-02
4.345967434346675873e-03
-2.356018498539924622e-02
-5.943823605775833130e-02
1.519833505153656006e-02
