-6.509780138731002808e-02
1.041552349925041199e-01
7.909541577100753784e-02
1.146142370998859406e-03
-4.720764979720115662e-02
-7.277790457010269165e-02
-2.964991144835948944e-02
-1.224882155656814575e-02
1.223768964409828186e-01
-2.187092415988445282e-02
2.358982264995574951e-01
-3.640145063400268555e-02
-2.375607639551162720e-01
-4.310985282063484192e-02
1.620680838823318481e-02
9.341349452733993530e-02
-1.346240341663360596e-01
-6.384958326816558838e-02
-1.258125752210617065e-01
-9.999152272939682007e-02
3.190822899341583252e-02
3.510161768645048141e-03
-1.876670867204666138e-03
2.114908397197723389e-02
-9.274174273014068604e-02
-2.769447863101959229e-01
-7.437019795179367065e-02
-1.253637820482254028e-01
9.307297319173812866e-02
-1.588236242532730103e-01
3.395486623048782349e-02
4.436723887920379639e-02
-1.208352595567703247e-01
-4.065016657114028931e-02
1.429925672709941864e-03
1.605648361146450043e-02
3.481063246726989746e-02
-7.913263887166976929e-02
1.545280814170837402e-01
-5.043838173151016235e-02
-1.343372315168380737e-01
-6.938471645116806030e-02
-1.344334334135055542e-03
2.504300475120544434e-01
1.601422727108001709e-01
4.404637962579727173e-02
1.013092137873172760e-02
-4.470441490411758423e-02
4.760551080107688904e-02
-2.652575373649597168e-01
1.411700434982776642e-02
1.408866792917251587e-01
3.724277019500732422e-02
1.024559959769248962e-01
7.390379160642623901e-02
-1.799903810024261475e-01
3.161635622382164001e-02
6.823009252548217773e-02
-1.587613672018051147e-01
3.584445640444755554e-02
2.852556109428405762e-02
-9.536492079496383667e-02
-6.694742292165756226e-02
-1.119210273027420044e-01
2.039717286825180054e-01
7.695567607879638672e-02
-8.879880607128143311e-02
-1.194571852684020996e-01
1.302002966403961182e-01
-1.605989485979080200e-01
-1.562155969440937042e-02
8.877260982990264893e-02
-1.018700003623962402e-01
-1.469342857599258423e-01
-2.216009050607681274e-01
6.356309354305267334e-02
3.372710645198822021e-01
1.824288815259933472e-01
-1.705999076366424561e-01
4.010056704282760620e-02
-1.178752109408378601e-01
-6.458037067204713821e-03
1.533945929259061813e-02
7.321032229810953140e-03
-7.205270975828170776e-02
1.302563585340976715e-03
-8.341780304908752441e-02
4.958291724324226379e-02
1.468027383089065552e-01
-7.494147121906280518e-02
3.761453554034233093e-02
1.827606409788131714e-01
-4.887989163398742676e-02
5.232129245996475220e-03
-8.631017059087753296e-03
-1.952005922794342041e-02
-6.951048225164413452e-02
1.670032925903797150e-02
-4.832816869020462036e-02
4.103182349354028702e-03
1.369197666645050049e-01
-1.221330761909484863e-01
3.608116135001182556e-02
7.360130548477172852e-02
-1.876054853200912476e-01
9.801443666219711304e-02
2.408863278105854988e-03
-1.967751979827880859e-02
6.006718054413795471e-02
3.374658524990081787e-02
-6.290180981159210205e-02
-4.839200526475906372e-02
2.262440323829650879e-01
-2.425748854875564575e-01
2.342199385166168213e-01
2.198100090026855469e-01
1.624608971178531647e-02
1.264920085668563843e-01
1.527472771704196930e-02
1.506707817316055298e-01
-4.284955188632011414e-02
-3.768424689769744873e-02
-1.148283109068870544e-01
-4.386911541223526001e-02
1.575026288628578186e-02
-1.569574698805809021e-02
-5.480352789163589478e-02
-2.769292797893285751e-03
