-7.643449306488037109e-02
3.979302197694778442e-02
-1.907349098473787308e-03
-8.054507523775100708e-02
-1.293757110834121704e-01
3.009213693439960480e-02
-8.182305842638015747e-02
-5.946942046284675598e-02
1.432035416364669800e-01
-1.109781786799430847e-01
2.264850586652755737e-01
-5.291107669472694397e-02
-2.218670248985290527e-01
-6.998449563980102539e-02
-4.855220764875411987e-02
1.849498748779296875e-01
-1.836692094802856445e-01
-1.033809408545494080e-01
-9.648026898503303528e-03
1.558780111372470856e-02
7.065290585160255432e-03
3.815672546625137329e-02
1.835598982870578766e-02
6.909429281949996948e-02
-1.383539438247680664e-01
-3.577695190906524658e-01
-6.205206364393234253e-02
-9.965268522500991821e-02
-7.249573245644569397e-04
-7.162827253341674805e-02
-4.980575665831565857e-02
8.672170341014862061e-02
-9.792921692132949829e-02
1.730323955416679382e-02
4.776996746659278870e-02
1.376843750476837158e-01
-3.837966546416282654e-02
-6.448543816804885864e-02
1.695647835731506348e-01
1.293151173740625381e-02
-2.813343703746795654e-01
-5.303168669342994690e-02
2.010563388466835022e-02
2.366389036178588867e-01
1.582310497760772705e-01
1.833110675215721130e-02
2.815691754221916199e-02
-1.366226822137832642e-01
9.259545058012008667e-02
-1.349279433488845825e-01
1.141225919127464294e-02
1.285624057054519653e-01
2.501220069825649261e-02
2.829352393746376038e-02
-4.842590168118476868e-02
-1.437514871358871460e-01
-9.060585871338844299e-03
1.190525218844413757e-01
-1.028280854225158691e-01
-3.752708807587623596e-02
6.144158169627189636e-02
-7.558479905128479004e-02
-2.895340882241725922e-02
-9.393888711929321289e-02
2.086268663406372070e-01
5.936107411980628967e-02
-1.628286987543106079e-01
-1.820911914110183716e-01
1.264171302318572998e-01
-1.802725642919540405e-01
-9.321092069149017334e-02
8.998106420040130615e-02
-1.329362988471984863e-01
-1.874992847442626953e-01
-2.947957813739776611e-01
-3.377112001180648804e-02
3.564400672912597656e-01
1.080425381660461426e-01
-1.429095119237899780e-01
2.717262599617242813e-03
-3.202566131949424744e-02
-1.291468832641839981e-02
1.160729080438613892e-01
2.095538079738616943e-01
-2.527540922164916992e-02
4.324813932180404663e-02
-7.080122828483581543e-02
-2.123253419995307922e-02
2.134573310613632202e-01
-6.583036482334136963e-02
-7.605330087244510651e-03
1.887718737125396729e-01
-6.299321539700031281e-03
1.215465664863586426e-01
1.494996808469295502e-02
5.279650539159774780e-02
-5.571496114134788513e-02
6.533824652433395386e-02
-8.705419301986694336e-02
9.233835153281688690e-04
5.582681298255920410e-02
-5.446794256567955017e-02
3.626900538802146912e-02
1.290324330329895020e-01
-1.412497460842132568e-01
1.475230604410171509e-01
2.748203836381435394e-02
5.914340540766716003e-02
1.153880208730697632e-01
4.891689494252204895e-02
-8.857862651348114014e-02
-1.297391653060913086e-01
1.903957724571228027e-01
-2.178186476230621338e-01
1.219323650002479553e-01
1.918201744556427002e-01
1.159305348992347717e-01
1.222986504435539246e-01
1.809262335300445557e-01
1.141773164272308350e-01
-3.891985863447189331e-02
-4.236238449811935425e-02
-2.515873312950134277e-01
2.567929588258266449e-02
5.531886219978332520e-02
-5.156805366277694702e-02
6.079803034663200378e-02
-1.068838313221931458e-02
