-1.261299699544906616e-01
1.010581478476524353e-01
2.235034946352243423e-03
-6.220674887299537659e-02
-1.777996569871902466e-01
-6.878706626594066620e-04
-5.407393723726272583e-02
-9.398172050714492798e-02
1.608561724424362183e-01
-1.414749771356582642e-01
1.601573824882507324e-01
-7.341885566711425781e-02
-2.189562767744064331e-01
-1.901717856526374817e-02
-9.049461036920547485e-02
2.414322793483734131e-01
-2.008444517850875854e-01
-1.634774506092071533e-01
4.977460950613021851e-03
-7.885472849011421204e-03
9.181765466928482056e-02
6.040570512413978577e-02
-3.790249302983283997e-02
3.892031311988830566e-02
-1.152668297290802002e-01
-3.163871467113494873e-01
-7.485187798738479614e-02
-5.399593338370323181e-02
-3.598525747656822205e-02
-8.790665864944458008e-02
1.616544276475906372e-02
7.496231794357299805e-02
-1.692220717668533325e-01
-1.281240023672580719e-02
2.801346965134143829e-02
7.492632418870925903e-02
5.327623337507247925e-03
-5.083776637911796570e-02
1.718602031469345093e-01
2.047944441437721252e-02
-2.843241393566131592e-01
6.174678727984428406e-02
7.328113913536071777e-02
2.636333703994750977e-01
1.168631315231323242e-01
-2.576038613915443420e-02
-1.407885923981666565e-03
-1.595028340816497803e-01
9.383785724639892578e-02
-1.597445011138916016e-01
-5.044715851545333862e-02
1.381755620241165161e-01
2.257620915770530701e-02
4.480346292257308960e-02
-3.537149354815483093e-02
-9.755751490592956543e-02
4.022089391946792603e-02
6.279809772968292236e-02
-1.134224459528923035e-01
5.914723500609397888e-03
1.570822745561599731e-01
-6.844291090965270996e-02
-2.604115754365921021e-02
-1.122967302799224854e-01
2.027326971292495728e-01
8.308967575430870056e-03
-1.286865770816802979e-01
-1.896048337221145630e-01
8.323688060045242310e-02
-1.585589200258255005e-01
-1.335328966379165649e-01
5.382614582777023315e-02
-1.159575805068016052e-01
-1.698328107595443726e-01
-3.026885092258453369e-01
-1.784734055399894714e-02
3.967872560024261475e-01
8.996864408254623413e-02
-1.650987267494201660e-01
8.488786220550537109e-02
1.143829431384801865e-02
-8.465996012091636658e-03
1.261863559484481812e-01
2.220484018325805664e-01
6.513478234410285950e-03
5.955741181969642639e-02
-3.091603145003318787e-02
4.928113892674446106e-02
2.515988647937774658e-01
-4.219814762473106384e-02
-1.787498034536838531e-02
2.263938039541244507e-01
3.094008937478065491e-02
1.178767532110214233e-01
1.386086829006671906e-02
4.181305319070816040e-02
-1.180582121014595032e-02
2.522055059671401978e-02
-9.048154205083847046e-02
5.727918073534965515e-02
8.928977884352207184e-03
-5.891880393028259277e-02
-1.374476961791515350e-02
1.175406426191329956e-01
-1.309172660112380981e-01
1.742120534181594849e-01
6.058302242308855057e-04
5.542353540658950806e-02
-1.726105250418186188e-02
6.640563905239105225e-02
-9.095714986324310303e-02
-8.324877358973026276e-03
1.402850598096847534e-01
-2.041385322809219360e-01
2.011336833238601685e-01
1.816000938415527344e-01
4.587879031896591187e-02
7.506735622882843018e-02
1.453830897808074951e-01
7.595916837453842163e-02
-2.660453319549560547e-02
6.869429722428321838e-03
-2.322813272476196289e-01
-3.744790330529212952e-02
9.213289618492126465e-02
-1.025354638695716858e-01
9.453596174716949463e-02
1.225940790027379990e-02
