-8.563815057277679443e-02
-9.968755766749382019e-03
-1.223054248839616776e-02
-8.932509273290634155e-02
-1.113066673278808594e-01
-7.928589731454849243e-02
-7.748609781265258789e-02
-8.392487466335296631e-02
1.430957913398742676e-01
-1.800050288438796997e-01
1.713493913412094116e-01
-1.180503964424133301e-01
-1.700493693351745605e-01
-9.899741038680076599e-03
-6.962760537862777710e-02
2.246551215648651123e-01
-1.979393661022186279e-01
-1.676950454711914062e-01
-4.157767631113529205e-03
4.339501261711120605e-02
9.659887105226516724e-02
-2.803141437470912933e-02
4.659323021769523621e-02
1.311807185411453247e-01
-1.016518920660018921e-01
-3.254854381084442139e-01
-8.962867408990859985e-02
-2.484697289764881134e-02
1.572835259139537811e-02
-7.486484944820404053e-02
3.875465318560600281e-02
9.894523024559020996e-02
-2.202139496803283691e-01
1.978365890681743622e-02
1.512596476823091507e-02
1.169164627790451050e-01
4.752697050571441650e-02
-1.198969334363937378e-01
1.919487416744232178e-01
1.668611727654933929e-02
-3.601283431053161621e-01
9.948010556399822235e-03
6.186461821198463440e-02
2.518369555473327637e-01
5.872493237257003784e-02
2.299047075212001801e-02
-2.682980149984359741e-02
-1.400023698806762695e-01
9.675007313489913940e-02
-1.804981529712677002e-01
1.716647110879421234e-02
1.123606637120246887e-01
6.199450232088565826e-03
-2.098137512803077698e-02
1.263429597020149231e-02
-1.291994303464889526e-01
1.558963656425476074e-01
1.184623688459396362e-01
-1.862616837024688721e-01
1.118232030421495438e-04
8.238337934017181396e-02
-5.503008887171745300e-02
7.106704264879226685e-02
-1.173804849386215210e-01
1.947138160467147827e-01
7.563555240631103516e-02
-6.134293600916862488e-02
-1.977101117372512817e-01
1.057184413075447083e-01
-1.490282118320465088e-01
-5.879384651780128479e-02
1.366625428199768066e-01
-1.027638167142868042e-01
-1.939888596534729004e-01
-3.212804794311523438e-01
-9.101046621799468994e-02
3.540835976600646973e-01
1.236270666122436523e-01
-1.026720777153968811e-01
1.313392966985702515e-01
3.505656123161315918e-02
-3.756659105420112610e-02
1.428564935922622681e-01
2.203651517629623413e-01
2.311367541551589966e-03
7.176456600427627563e-02
-9.098599106073379517e-02
3.014197573065757751e-02
2.289748042821884155e-01
-2.956259623169898987e-02
-2.373707294464111328e-02
1.963478624820709229e-01
-1.652152836322784424e-02
1.416551601141691208e-02
-5.050101783126592636e-03
4.724332131445407867e-03
-9.068093448877334595e-02
8.418969064950942993e-02
-1.148403584957122803e-01
6.471702363342046738e-03
1.731126382946968079e-02
5.971146747469902039e-04
-2.597745321691036224e-02
1.039967387914657593e-01
-1.973659545183181763e-01
7.223586738109588623e-02
-1.446757093071937561e-02
-4.054205119609832764e-02
1.753894425928592682e-02
8.941541612148284912e-02
-8.816705644130706787e-02
-7.070428878068923950e-02
6.460160017013549805e-02
-2.530961036682128906e-01
1.775781959295272827e-01
1.947878301143646240e-01
1.102597936987876892e-01
9.014736860990524292e-02
1.124388501048088074e-01
8.573137968778610229e-02
-6.460571661591529846e-03
-2.629099041223526001e-02
-2.233333140611648560e-01
1.304233446717262268e-03
9.609345346689224243e-02
-7.223025709390640259e-02
9.930282086133956909e-02
1.087411493062973022e-02
