-7.605366408824920654e-02
-3.608017787337303162e-02
2.147633582353591919e-02
-8.813493698835372925e-02
-9.336887300014495850e-02
-3.716799616813659668e-02
-1.226293109357357025e-02
-1.028105244040489197e-01
8.411526679992675781e-02
-1.765942126512527466e-01
2.193164825439453125e-01
-1.481674611568450928e-01
-2.082099169492721558e-01
-4.534616135060787201e-03
-9.321836382150650024e-02
2.231515049934387207e-01
-2.044520825147628784e-01
-1.457428187131881714e-01
-2.389015629887580872e-02
2.464092150330543518e-02
9.082542359828948975e-02
-1.705505326390266418e-02
-1.123769301921129227e-02
8.323999494314193726e-02
-9.463461488485336304e-02
-2.965626418590545654e-01
-1.146419122815132141e-01
-4.585750773549079895e-02
7.377452217042446136e-03
-6.724648922681808472e-02
2.390344068408012390e-02
6.991564761847257614e-03
-2.298132777214050293e-01
1.862711645662784576e-02
4.021127149462699890e-02
5.271154269576072693e-02
-3.172123432159423828e-02
-1.574538946151733398e-01
2.247979342937469482e-01
-6.573032587766647339e-03
-2.873347997665405273e-01
4.197255242615938187e-03
1.054138168692588806e-01
2.351347357034683228e-01
5.585111677646636963e-02
9.579803794622421265e-02
-5.774493142962455750e-02
-1.295661926269531250e-01
9.207522869110107422e-02
-2.220790684223175049e-01
3.334365785121917725e-02
1.042082160711288452e-01
4.855892807245254517e-02
-5.084907636046409607e-03
-3.213075175881385803e-02
-1.089636534452438354e-01
9.404583275318145752e-02
1.084659248590469360e-01
-2.206433266401290894e-01
2.739297971129417419e-02
1.047956645488739014e-01
-1.042532622814178467e-01
2.167483791708946228e-02
-1.452380120754241943e-01
2.493614852428436279e-01
9.203436970710754395e-02
-1.257463544607162476e-01
-1.699777245521545410e-01
1.541386842727661133e-01
-1.909376680850982666e-01
-6.199482828378677368e-02
5.175608396530151367e-02
-7.724182307720184326e-02
-1.978858560323715210e-01
-3.008418083190917969e-01
-4.605414718389511108e-02
3.522533476352691650e-01
1.422680467367172241e-01
-1.157852187752723694e-01
7.031500339508056641e-02
4.506886471062898636e-03
8.857052773237228394e-03
1.489376574754714966e-01
1.996652632951736450e-01
1.022936403751373291e-02
3.762355819344520569e-02
-7.058288902044296265e-02
-1.631512120366096497e-02
2.477408349514007568e-01
-8.385024219751358032e-02
-2.945372834801673889e-02
1.999135315418243408e-01
-4.535190016031265259e-02
-2.499362081289291382e-02
-4.196070600301027298e-03
-3.294770047068595886e-02
-1.011873111128807068e-01
2.710966765880584717e-02
-1.019208133220672607e-01
2.227132394909858704e-02
3.896522335708141327e-03
4.205128178000450134e-03
9.682122617959976196e-03
1.488653868436813354e-01
-1.558273136615753174e-01
8.491019904613494873e-02
-6.054507941007614136e-02
-8.342476934194564819e-02
3.412171825766563416e-02
2.616944536566734314e-02
-1.357301771640777588e-01
-1.054248139262199402e-01
7.332943379878997803e-02
-2.481807768344879150e-01
1.744715720415115356e-01
1.625871062278747559e-01
8.907869458198547363e-02
9.529952704906463623e-02
1.334342509508132935e-01
1.150830984115600586e-01
-8.495804853737354279e-03
7.217896170914173126e-03
-2.717570066452026367e-01
-5.476064607501029968e-02
1.269500106573104858e-01
-4.816120862960815430e-02
1.534735560417175293e-01
-2.265483140945434570e-02
