-6.996304541826248169e-02
-6.461345590651035309e-03
5.831327755004167557e-03
-9.073849022388458252e-02
-9.280703216791152954e-02
-6.093214824795722961e-02
-6.355443596839904785e-02
-1.384775936603546143e-01
1.407471150159835815e-01
-1.690576076507568359e-01
1.957008987665176392e-01
-1.274889856576919556e-01
-1.876681149005889893e-01
-3.224687278270721436e-02
-8.913345634937286377e-02
2.415575385093688965e-01
-2.176227420568466187e-01
-1.644336134195327759e-01
-5.619613826274871826e-02
7.267873734235763550e-03
4.165481030941009521e-02
-4.193261638283729553e-02
4.375976324081420898e-02
1.012369394302368164e-01
-7.380026578903198242e-02
-3.178389072418212891e-01
-1.005915701389312744e-01
-5.324947088956832886e-02
9.030494838953018188e-03
-4.873702675104141235e-02
-1.623181998729705811e-02
2.922717295587062836e-02
-2.248031795024871826e-01
-1.768990606069564819e-02
4.280273616313934326e-02
7.748392969369888306e-02
-2.762211114168167114e-02
-1.248166635632514954e-01
2.097970545291900635e-01
-7.301048189401626587e-02
-2.991735041141510010e-01
7.341722957789897919e-03
1.123281940817832947e-01
2.093984931707382202e-01
1.000622957944869995e-01
6.110708415508270264e-02
-3.117798082530498505e-02
-1.596515327692031860e-01
1.027294024825096130e-01
-1.669640243053436279e-01
4.533265903592109680e-02
1.183502376079559326e-01
3.845112025737762451e-02
-2.480830997228622437e-03
2.023760974407196045e-02
-1.198444217443466187e-01
1.138506308197975159e-01
1.371608376502990723e-01
-1.639533638954162598e-01
6.549157667905092239e-03
1.055664047598838806e-01
-8.805188536643981934e-02
1.278351061046123505e-02
-1.297485083341598511e-01
2.348564118146896362e-01
7.812956720590591431e-02
-8.732917904853820801e-02
-2.293021380901336670e-01
1.221262887120246887e-01
-1.725141108036041260e-01
-5.620679631829261780e-02
8.383911848068237305e-02
-1.042375862598419189e-01
-1.956252455711364746e-01
-3.434456288814544678e-01
-1.033654063940048218e-01
3.581707477569580078e-01
1.375838816165924072e-01
-1.162151023745536804e-01
1.339296996593475342e-01
2.244864823296666145e-03
-2.032079361379146576e-02
1.393817067146301270e-01
1.956562995910644531e-01
-3.527926281094551086e-03
6.704697757959365845e-02
-1.005003973841667175e-01
7.108934223651885986e-04
2.163898944854736328e-01
-6.386607885360717773e-02
-3.285110369324684143e-02
1.796976029872894287e-01
-4.047814384102821350e-02
-9.673545137047767639e-04
-1.128962635993957520e-02
-2.411945909261703491e-02
-1.041269823908805847e-01
5.867728963494300842e-02
-1.254788339138031006e-01
-1.348745077848434448e-03
2.755323052406311035e-02
4.345422610640525818e-02
1.888280734419822693e-03
1.031603887677192688e-01
-1.572810411453247070e-01
7.712730765342712402e-02
-4.185680299997329712e-02
-5.042821168899536133e-03
2.766218222677707672e-02
3.788918629288673401e-02
-9.846086800098419189e-02
-9.630003571510314941e-02
9.526418149471282959e-02
-2.610097527503967285e-01
1.702113300561904907e-01
1.627834439277648926e-01
1.025252640247344971e-01
9.091185033321380615e-02
1.190069392323493958e-01
9.508793056011199951e-02
-1.204950176179409027e-02
7.400091737508773804e-03
-2.734113335609436035e-01
-3.668698947876691818e-03
1.033587306737899780e-01
-6.512287259101867676e-02
1.621111780405044556e-01
3.485722839832305908e-02
